9483
12738
6381
12824
6177
6416
6870
16121
15328
10358
16390
2275
821
16768
17597
2710
2496
11449
5120
9152
11608
5287
5537
2962
11128
9666
9866
13427
3998
10385
13523
17674
10960
4981
5925
15794
10907
6489
15888
7317
8048
5580
403
10890
12226
10298
1443
3126
15268
10242
9936
5681
16276
15761
6040
17173
11479
17209
2139
10500
7181
281
5842
2088
1409
13110
10300
10920
2922
6415
6930
8874
12346
17902
17521
8553
11675
1175
3188
13473
16010
2272
15953
10057
545
8150
5757
16226
2236
10758
11758
4591
16919
12399
13641
9415
14137
1070
2885
9559
13893
11473
14461
7004
7586
8755
2988
12818
2135
3079
1690
7449
12847
2278
17221
3438
564
2810
6393
2419
7224
6493
8892
8643
5524
7379
15556
9964
15569
1946
17729
7413
15363
31
13842
15134
4490
12652
11034
7720
1912
337
4429
1936
95
15246
17514
8045
7044
3474
17640
16925
3681
16330
5470
5803
16786
10854
8936
14545
11839
2941
11247
190
1580
9016
4248
6024
4642
6146
7322
3995
5939
16219
6060
3193
2873
4022
11296
13829
8961
6693
4970
11691
5679
11733
4136
14639
11606
17464
11909
17653
9269
16352
17670
16270
6358
10365
1533
9624
10087
8061
8913
5746
16940
1559
13546
7944
3581
5838
12818
11355
4928
16027
9755
971
15189
4251
8330
1121
13094
9171
15250
17640
11847
6855
10419
15731
10979
2096
5623
511
4998
9889
12634
8227
5615
6119
7181
12172
5778
17471
1844
17801
7456
10333
418
15674
4536
14042
4516
16063
3316
14766
10037
1775
7558
718
14201
2215
15863
297
8672
3983
3508
8062
14808
14765
13832
12257
3831
4023
6556
7485
153
6182
2475
7470
7664
8138
8811
8245
839
12764
17370
8121
14772
17334
15113
17444
7954
5421
11778
13136
8080
1108
8320
6951
4381
1263
8881
1259
6369
10009
14496
13479
9245
14871
5302
644
7448
7725
7167
206
15723
1546
12779
3221
15095
7601
2131
7023
2812
10198
2850
5096
4942
8005
3091
13676
10385
13693
13200
4965
1151
8129
6070
6622
14572
12903
1543
16780
11677
17156
11811
14075
17927
9432
7924
4936
15855
2930
429
7702
16410
4224
17404
12009
17528
9589
982
4090
106
1819
12216
12327
5607
5264
12981
11839
7802
16875
16200
11624
12685
8727
11290
8724
10058
3959
15946
14394
7346
13190
12925
3724
5770
5590
3906
9234
5400
7856
7585
5362
818
5443
14396
1833
10903
4635
17436
11194
6316
4800
5846
11923
1408
2239
5907
2188
17219
12598
16066
6791
3556
1827
6587
10219
1415
16274
3886
16560
4949
11512
11742
15407
4569
7054
9574
15970
17033
1000
3691
15493
10395
1756
4147
4282
4931
9156
13108
9116
1048
5419
15778
9287
2897
11370
2535
610
14739
14745
5746
17038
12891
16645
11322
8902
17591
2953
8686
350
2004
11368
13693
1999
16671
869
6925
12221
5496
13848
9373
12313
2748
15703
1821
13316
10408
15623
10462
7171
7865
5452
15171
6230
955
10348
17146
13024
17424
16613
14738
3263
13978
10065
17003
13640
5980
2016
11016
16843
17807
16327
17378
17141
17370
7573
6706
4265
571
8387
11824
13571
1549
4222
2875
13862
3599
2823
16680
17531
3377
780
948
16279
17424
5013
12627
5129
3090
14987
16613
14568
5611
3125
8197
2200
6547
167
9256
7577
7608
16294
10428
14560
7866
11092
12922
2591
15654
829
15834
13460
3287
7496
6553
14479
8207
3654
17823
621
12152
16117
13990
15179
287
3293
10636
8771
13874
489
11184
4712
2983
8153
17970
9590
17771
13855
9715
1587
4152
2522
16197
2648
6018
8933
6785
10242
14266
6222
8711
582
17745
17576
2866
13864
10658
8076
6605
16135
6317
4397
16246
8557
2473
10633
11175
16599
10549
2099
17655
14788
1899
6595
14088
16082
8724
12342
5097
8546
7845
6848
10255
2747
10982
14137
9341
17857
3514
6417
1898
1011
11168
1445
15416
10100
16772
2416
10381
2106
11395
15382
17695
17313
1746
4148
10666
5513
16924
8087
16258
6225
16746
16640
1373
13471
16149
7288
5722
12661
16569
4545
15645
10714
2342
3666
827
2963
6724
15495
15458
14800
369
13834
8568
4878
8612
1732
15449
3322
11756
2669
12561
12788
10240
13409
17575
17083
16110
6002
4346
9366
3447
11860
258
52
2267
13993
4984
17842
15371
5222
16476
8079
621
5856
9533
12977
8302
14413
11352
3041
5625
8875
17272
2754
13349
16188
17629
12668
16194
6863
4081
4724
16621
7555
13715
13770
2350
17185
17767
9251
6559
2316
8377
16977
949
1823
13335
11499
13378
6488
2312
967
9129
9018
11915
2442
13200
6067
4859
15147
10830
409
17459
15064
11455
697
1053
16774
6594
1097
11868
4444
17016
9666
11874
7538
16398
17626
1440
7994
12484
15481
4288
14825
17388
6200
4173
386
10169
4882
7387
15927
8919
2577
8519
2247
10591
3301
10448
17856
7305
16001
17422
4729
13072
8614
12222
13277
9076
2980
16772
13860
2604
9198
9563
3781
15216
15275
5010
10714
15590
10331
16174
12794
5718
6540
5245
13598
16104
3683
13903
8181
14449
4360
8107
13662
9496
7636
8844
6949
9197
7776
2250
10974
10053
6379
16061
16645
10909
9998
11554
4422
7369
15905
4562
11012
13703
459
12475
2104
2239
10361
1086
1610
3883
15872
56
5235
1558
10473
6406
2168
11307
8814
11209
3079
5619
14393
10391
358
3441
5602
16222
5288
15968
9812
4709
6985
7757
9966
2756
5223
2837
16132
6664
4653
1797
13431
4791
6538
6757
4411
7490
7070
15505
12903
10512
2221
479
6380
8363
3695
12179
15407
16678
15306
15816
3328
15381
4365
8732
17143
10922
4526
14384
14542
456
14125
1464
6866
10551
1468
8256
15950
11787
8374
8180
3567
1747
1669
9730
16636
3843
7632
3596
2104
13499
6535
11895
5010
17883
9390
8516
11787
16404
14942
8877
7731
14700
6627
6233
6690
471
10003
12865
521
9323
4662
3731
13321
2980
5282
12478
2949
11685
1030
7822
17474
15003
7771
13392
12285
14495
4742
6215
4033
15584
2489
17415
217
4454
1960
2032
15507
8569
17681
17032
2439
8708
4131
11410
11573
16032
5575
13414
17661
17060
17022
8496
13143
6567
4302
9579
9715
604
9385
3897
13349
14454
8235
11845
3607
12664
635
9755
10429
17680
9982
16821
1176
7393
8442
4188
5592
2081
15358
8898
12996
6853
6372
8578
8683
4298
9774
17786
13266
11210
10599
15561
4828
7513
303
4943
16801
10964
14979
15783
16693
12731
6823
3985
247
13400
9671
14255
14478
16664
15575
5532
16271
1607
10299
7480
2823
3776
493
10633
7979
17441
10249
17372
1701
9742
1315
7980
3921
17832
8941
6607
7806
7966
16568
8168
8716
2596
15717
5076
8414
118
8261
16178
1923
16829
4622
5405
15445
4860
9361
1568
1883
7851
13043
13611
10183
10109
7261
14048
14924
4258
14400
11917
3700
12083
10868
9750
11024
1785
6961
1496
15803
6023
1548
15259
5008
17159
12248
1747
2355
17701
15181
1436
958
846
7642
9534
9308
6991
3181
14282
12152
714
11466
11228
10052
17924
1540
177
10532
2729
5832
16269
7911
9039
3447
1610
9340
12285
986
13543
6345
4449
1949
13357
14129
11649
14156
14336
13929
14530
3038
4322
17831
7283
12655
17755
12615
5999
10907
14602
16216
5982
7395
4073
11015
777
2241
3091
16123
7119
4511
10105
10724
9025
4453
99
7506
1718
6873
6731
11299
17984
3488
5641
12321
16067
13330
14701
14824
5689
2013
1665
7432
14357
4676
10691
2451
9513
7485
6963
8616
4266
417
11575
10571
8188
4842
4922
11431
17185
16533
9018
13940
12491
7969
33
3736
4544
12834
11260
1969
9807
2604
10428
13402
82
13299
15453
17300
6874
7763
4770
3103
836
11834
13222
17480
17225
17443
15153
15940
15887
9386
4729
3502
17627
16856
13252
543
11096
12375
8184
5115
1057
12024
6954
2982
16965
7872
14303
11532
5070
11828
16753
2660
13555
11396
12576
3472
17877
17851
8876
6288
2783
15559
5204
17141
2147
6572
12067
11141
2556
13638
9064
4583
3993
2477
8180
710
16468
4278
17240
11349
13300
17349
7485
11064
8438
11799
14958
2016
15784
8595
5196
6145
2237
4651
3657
14868
2897
3521
11435
15726
1658
14886
16216
16739
16795
14656
15877
10834
17321
15670
1784
7808
2471
12813
3521
13385
13459
1381
3321
3371
10900
16242
14274
15392
8344
175
4141
7391
12497
10672
706
15913
971
11649
13664
12615
17543
1173
15374
478
12710
14257
4983
15480
2405
4416
5287
17948
3388
16392
4866
8942
12859
403
4717
10887
15031
28
1529
17964
3334
8449
15987
8788
4392
16180
2689
6884
14778
8622
2155
1232
1469
8442
371
13260
4711
8528
11144
993
17443
15291
9926
16618
1840
8914
619
4357
10476
8217
17017
16114
10165
6482
1134
15007
13365
4977
6596
9695
10048
717
12492
2778
11563
2897
2914
14409
6550
2155
16121
14692
17464
13972
9216
10538
9107
11336
12439
2984
1778
13359
686
15609
6762
4015
16108
10612
17612
12252
7759
12686
980
4936
15620
14165
4190
5805
15960
4522
11207
9550
4580
17785
14118
1937
10599
14342
8288
12735
14140
17204
9072
17674
11728
5607
6321
14569
8250
7339
11554
151
4814
3487
1799
10892
59
983
16825
9647
5035
5775
17473
3135
6055
10
5783
8335
11795
611
3157
14927
8792
622
9235
5543
1092
13039
15984
8070
2240
14523
17954
7134
199
813
8217
3627
3664
14248
17051
3357
15048
15999
17067
6406
4715
2082
5401
11912
2812
7513
2491
10089
2996
2182
4880
237
17634
3556
5107
11069
3537
3212
10739
8173
1174
13604
6651
1397
15994
16865
6275
6050
15745
9285
6433
13698
14581
7476
16341
1565
17219
799
1248
15244
2809
10011
14053
162
16111
12207
724
3335
9150
8424
17451
9446
13121
4297
161
13018
7184
7478
10260
2308
1868
521
3510
5482
15137
14494
4608
15162
10152
15431
1297
13736
4494
11101
4713
13969
12643
3484
3126
13484
13486
3371
290
7861
4550
9619
16002
1180
15572
1953
10707
16936
13331
5573
1037
13199
7736
12584
12303
10689
17373
8832
13039
8953
8387
15051
4990
9013
8589
1959
2359
8116
9792
15009
1677
17413
1542
14854
9289
16620
9327
9391
8314
15873
15374
13802
3603
485
11228
9681
15868
17826
4059
15985
7730
13451
813
13993
4614
6283
10238
4740
1849
12035
9160
9564
5345
11865
1657
5291
77
7166
17902
8922
6567
808
13646
4862
12949
17655
13092
2886
11985
10049
10882
11642
1471
1364
63
12052
14974
9837
12611
6037
15826
3858
17836
10947
15794
8399
873
4410
3144
2614
4280
16415
3409
8691
15882
8955
14930
8579
2196
1819
866
10101
12888
13582
6338
12347
10784
13534
4719
14528
9110
4427
1242
14068
12588
8441
13699
7255
5361
12783
5772
7705
7274
12987
9065
11879
17182
10746
3727
3900
17663
3237
11984
5649
9254
10446
2377
16256
10260
13162
11331
15073
7709
4935
13758
4646
6586
2941
6700
5637
7
16962
8725
15628
14396
14763
16251
7046
15692
17067
10424
13931
3083
15959
196
11113
6795
8115
2783
3094
1488
6607
11340
7146
476
3876
7169
16536
16689
3035
15355
15889
14974
5942
8148
5977
295
8184
9143
7300
6727
14016
5989
8591
273
17893
13922
2117
11309
16592
1762
13355
12056
11172
13308
6311
6665
4866
1151
10165
11095
9409
4383
5038
3252
8426
5366
6372
4393
12035
10134
17388
1217
13519
14841
696
9266
13336
13189
10903
7437
2755
17257
13521
9791
15530
11568
6601
11237
17940
5568
1415
7888
15487
16706
9354
13032
6611
1214
13194
6630
6419
4040
11221
5004
7676
17749
15733
13970
5393
14553
9682
5420
15552
15192
11466
13705
349
8310
2206
12771
16355
2982
2815
7460
11260
3591
16583
6764
10699
4067
15023
8410
7402
7414
5721
9740
8963
9843
4832
6994
4744
9306
1972
6116
9051
12085
749
16467
5004
16712
11296
14300
11021
2270
9971
17871
15920
5905
14782
69
2580
11970
5939
3513
7312
9404
14414
14928
9648
3281
1516
15260
14565
17101
3136
689
13857
14581
2707
2654
16146
15415
9019
6960
10514
925
6947
8944
3881
1162
78
7840
16949
3973
4879
7260
6735
4757
13008
939
7913
597
4195
5200
9682
7518
14868
6545
13599
3519
5184
11247
6785
7757
5822
7685
14341
9188
1408
6403
2200
15382
7637
684
1387
3074
16105
12372
13520
5207
970
15057
13846
106
14109
15655
5996
13541
13130
3708
2755
2193
635
15022
10217
13869
11472
3411
14577
7907
11580
7952
40
8596
1042
5673
14334
13219
13522
1088
9553
2646
17028
11879
9648
2301
13287
14118
2900
7083
7500
3197
16738
13672
12922
3596
3688
7171
3767
3990
8809
8919
7785
4561
4404
15343
8872
6986
7615
14404
5842
10192
12225
15999
3889
12039
4194
11929
13585
17615
1024
1161
1801
17036
10847
12685
17441
597
17650
5493
1836
7220
3131
3611
14686
4037
3914
13184
10582
2356
13567
6940
16547
1637
5259
12320
3460
3153
11237
16721
13822
605
269
6342
6185
14902
5381
14766
15065
7890
6366
14715
4604
1182
16249
7191
144
8428
7905
15140
8163
15975
8392
3187
14123
17813
8770
7833
10361
13942
2518
7750
17620
16051
3963
3779
1382
17371
905
12635
7466
4996
14948
14447
14641
6049
4425
106
8379
14310
14482
9083
5115
16440
4229
16783
6043
5295
17353
10470
14921
7519
16048
1196
16999
10004
14178
16340
8989
17143
9686
1274
6570
16512
7742
1699
12786
2774
13669
10767
1285
9707
8792
1487
13772
17837
8306
1339
3987
9470
15845
4342
11455
10978
3450
349
16552
11868
8431
38
8542
16864
11670
10199
3808
7866
16183
14834
3818
5133
17552
14898
11654
9383
11133
14046
1259
15940
13994
4813
8824
2559
13417
13752
4444
12333
8329
6914
7049
212
16861
9194
5876
4149
2864
16296
5366
2577
13477
11066
14200
2703
16733
830
11661
10519
3826
7084
524
7188
16299
13246
16461
8376
10866
4825
6166
9366
2326
9931
9841
3311
16458
6443
12658
8049
10109
14530
17142
9066
10578
9886
13996
14174
16713
13244
13807
10444
12203
12872
550
7854
10444
363
7348
7582
2015
14494
11421
5877
12860
15182
2787
14403
4292
14568
4139
4596
613
832
4362
11488
12435
6336
8256
4684
9170
14395
7490
14405
2384
11550
1063
4143
11477
2012
9949
1883
9967
5882
2002
5577
17501
17899
9566
927
7041
3673
2929
16937
5251
3642
16772
8176
14789
13779
2649
8330
5860
9689
117
13463
11166
320
9523
9635
5277
8060
8691
7429
6703
438
10152
6442
6018
11945
9257
12179
9115
11804
10423
7868
17686
4619
9050
11517
3574
4864
6479
13614
5650
1750
4677
9940
7015
2747
13634
1132
4798
941
2945
17037
13892
13867
5439
3531
11780
17020
8507
11796
10973
12471
365
2109
1195
3450
6907
17319
14234
15366
15427
13122
1699
3329
7172
196
17135
5734
3578
11678
928
15817
11799
12005
1568
4661
13709
3600
8269
1893
4186
9954
13902
10711
13669
5462
4947
3669
6161
8139
12517
7564
11951
478
9271
16615
16823
14531
4873
7031
1862
6189
8467
2568
8420
14022
15984
11302
5259
5145
11410
10689
4289
13360
17839
14899
4970
3112
2950
435
7401
768
3466
17863
16587
17512
16767
7013
283
5625
841
5266
822
3398
2648
5418
3427
16174
8864
1286
5143
12675
86
3593
4279
16272
9595
10474
8180
4307
17250
8117
10241
15012
16745
3414
14623
11688
7290
3955
345
6578
13937
3689
10588
7516
3370
12189
13224
17250
4531
280
3970
13302
15563
5656
2075
11526
4581
2653
11594
2802
2205
16834
8344
10407
1951
13456
8175
5560
21
8776
13184
12178
6118
9408
17059
8958
11533
1091
13729
13366
6465
10833
14980
8763
6516
8739
10313
13458
1825
52
9948
2360
12325
5898
17207
8642
8582
9942
14811
14112
16733
3675
14046
706
1189
9373
6402
12468
10908
2746
10142
3377
8878
14302
16565
14768
13309
16471
4646
8446
5072
773
12632
13311
9746
16809
1704
6555
5483
10684
12840
7174
6582
5586
2589
6498
8012
8619
13951
6845
11951
9128
7403
15997
5580
4004
13506
2941
10782
2926
8221
11394
2654
3764
12626
735
17057
15316
16689
11984
14235
15998
16624
14873
1947
1795
10090
3434
8028
8944
15641
277
3629
10226
16984
12085
4223
1962
9445
13075
7227
857
12985
12030
14334
15507
523
12661
12648
5094
4230
9493
1054
12132
4325
7337
4270
11431
7829
12806
10092
5270
13875
9339
3469
13330
5600
11812
17756
6818
2685
13491
11425
1601
820
10782
79
14827
14111
14621
14067
4305
4017
17135
3152
6257
7479
7682
11935
14379
11945
17824
16107
11661
11610
13144
8887
3263
103
9070
9179
12734
12566
5212
3510
6814
14627
4677
17204
2679
17371
1754
6337
4697
2607
3074
6566
5569
14085
4989
11647
10295
614
4372
9657
12580
8945
4508
59
1638
7355
4104
4162
829
4323
385
5532
17038
16606
16221
10512
1282
1489
14465
6074
1916
13145
7460
5534
11189
6296
9753
3490
16803
13297
7487
2723
16582
8308
3941
7614
12653
268
8358
9877
4219
9025
17358
9473
17230
6154
9404
2759
436
4835
4399
12748
11364
10756
9226
9303
1386
8547
1852
17838
6894
7164
16856
8699
4332
10803
5924
5864
7833
10552
2665
2864
12063
16303
4386
17197
6034
13520
15559
5980
516
12177
5657
16499
12454
13043
14910
13807
17449
10019
3841
15588
3584
3654
10244
14006
4278
2133
12325
8301
8779
4216
9126
2620
9084
12293
16188
16048
13402
2820
13389
8251
5007
13650
3381
16448
17185
1952
16206
852
16640
1405
602
14085
13728
17496
9386
990
1879
10965
16995
3765
7554
6765
2662
2767
17576
409
15087
17463
10293
6152
5091
13962
13553
10054
17278
1351
5277
1663
2113
16464
7367
17677
112
6993
15330
12853
14773
9531
11679
12845
14278
52
8425
15197
17067
13726
4659
6367
15305
8215
7462
11681
11299
12114
15138
2592
295
13151
15589
11671
15131
8620
1985
12408
5660
7891
10146
3252
2003
13602
4083
14187
10747
6152
8062
4644
2882
14702
4927
11907
9416
10495
8985
9922
4654
16210
2007
1745
15082
13618
10551
2315
12719
8713
13013
15835
14436
14906
5047
7553
11285
13061
4755
9122
17373
2403
11361
10235
13241
16430
10524
10241
14488
14213
3029
2361
9773
17191
262
11141
17307
12604
10139
16516
13798
17250
16759
3505
257
16530
3316
6165
1325
16639
15478
9164
4451
7717
14172
6220
11750
7194
16409
4073
15320
7046
2730
14733
2968
3695
4409
2244
290
11922
14402
5760
8520
5390
14551
8
13130
4106
11918
14776
1969
10897
8408
157
3376
7944
12724
1945
17117
17603
5051
12531
14601
2491
7038
6558
6664
2984
10348
10287
10541
4229
4427
11251
15574
13155
13158
1557
2341
16762
3715
7727
15422
2177
1480
87
17523
8385
4603
2419
6042
17216
7611
4701
15830
6911
15670
11113
6003
7977
10195
13044
8438
17528
16959
5134
15483
3310
7419
9353
9809
6765
3384
8170
3129
12336
6620
16054
10051
2648
3152
16265
3524
2546
3491
17884
1130
13222
5194
8759
7102
9414
3059
6405
185
3478
15576
3121
4377
13056
14509
6497
1010
7238
6125
15533
10792
17639
15891
14413
4073
12752
12194
6411
313
8484
11940
14942
7114
1970
4580
5026
11403
16092
13548
14927
3802
1190
1331
13563
3319
3813
16738
14127
3556
5133
8965
14377
15415
13925
9013
14981
15889
11750
278
15518
15754
11477
3048
11467
578
1076
16907
2430
10188
13434
1763
11487
3763
11869
1017
13409
2021
17384
2404
13713
3435
10475
12925
15198
12619
6796
1026
15681
10296
11545
6251
13882
14768
2533
4548
695
9934
14557
16157
1016
4305
11917
12392
1300
5454
8957
17293
16839
13515
10569
10201
8333
16790
14306
9376
9612
8931
9713
11971
13165
12352
6027
16523
11761
15041
12358
16451
15806
3055
11608
12032
13481
9512
16109
12620
14688
4698
15973
1479
2825
762
4365
8724
3127
16119
10080
9210
13315
10108
9228
5130
5125
8870
2298
15302
216
2813
16863
3660
14355
16114
9023
17379
14593
8455
10910
4475
7206
3343
3901
12098
4700
109
5536
16935
11804
6575
2940
7122
15865
3791
16583
5562
5432
16169
4344
1794
2432
341
9065
15037
10002
14103
10182
4609
2995
11721
10785
4371
2182
3231
15661
3889
9851
10491
14644
7615
13146
5923
1893
11364
9774
14681
7231
5083
17650
15619
13565
9883
17047
12942
764
6290
6771
241
16280
10766
2731
3367
2727
11694
12932
16855
15291
3994
16591
1290
16205
11044
16113
15301
9051
2335
1189
11190
736
10736
12296
3255
2147
14620
16238
8920
14043
6177
957
13904
3999
10907
14925
6171
5273
14003
14313
15597
17631
15239
15227
17623
1747
3505
4703
1425
4525
2263
10768
4193
3670
1595
12881
6902
17600
6150
1216
14915
17809
10862
5263
8385
3593
16759
1772
14755
10098
9625
5816
1915
9347
17493
13853
7084
14631
8819
12267
10584
9903
14438
17057
1092
4701
6733
14671
15890
2631
15002
4223
14460
9285
14736
9273
6096
7417
3202
16512
10019
9291
17698
7915
17160
1003
3017
4997
4458
10964
1189
5496
4203
15731
15757
5705
17395
2472
14127
5137
5268
12218
5689
4036
10769
7142
13832
6072
8077
5859
559
16776
14885
4910
10335
13374
1421
15481
14946
12522
9384
16690
8560
10040
4747
3583
15032
324
1983
298
2630
1009
1255
8448
8047
8299
17260
11281
12212
11519
7877
3409
10458
4369
8665
11396
6611
6975
4348
17392
9505
4564
9794
9174
2815
11995
12260
9341
3621
8269
10988
10728
7948
1774
6548
10085
4146
4434
1520
11791
1242
14151
3196
8993
5753
15079
16034
7488
15647
9254
12923
5192
12790
10060
3189
8859
7970
2865
8106
15598
4658
1580
15173
13213
9110
7664
774
14837
9102
8550
12864
5486
17997
6564
14357
11361
9128
11767
17533
14228
5567
2840
15727
6493
8789
10079
8081
1396
10317
14037
11376
16122
1729
7802
12649
4810
16304
15060
16502
7981
10917
17401
6586
10825
15865
8687
14434
15839
15180
11757
17510
17547
10203
5551
5296
12694
1525
3110
7602
11080
16979
2894
14135
13492
10725
12302
5218
16518
2103
7399
13287
7824
1203
1539
8685
8685
13182
16806
17851
14488
6721
6534
14385
13425
14529
15858
5134
125
14330
2550
1940
4665
13132
13205
1013
16846
16307
17961
8761
16847
2609
5166
14325
7451
5935
13730
7805
3191
14279
7085
10991
1997
15574
1700
16628
1300
7876
2103
16711
10171
13955
10729
12311
17903
2464
12573
10580
1771
13029
3681
10338
16957
5387
17119
16307
4923
3412
4747
17061
448
13115
11134
17103
6327
15772
3933
11554
17750
6781
9517
13619
16621
4824
5823
12702
14019
14018
3721
13919
10745
2387
12797
11748
6030
13083
7921
1426
17381
12344
8870
14295
11135
13988
5943
17881
2555
7414
10932
10673
14736
17159
9737
5405
2176
16626
1249
3005
10205
1067
11307
9412
477
2848
8381
15368
1844
288
1698
1230
4611
4172
5459
2543
10361
12077
8448
13107
4218
5100
684
15236
2087
6287
5486
17330
3936
6823
7790
10290
17505
7332
6163
5818
10874
10118
2529
170
4866
13827
1454
11597
8880
6317
14532
693
5671
972
17934
6837
15178
15445
13138
14877
6918
6718
17287
3236
6289
2610
10325
9109
5131
12217
2743
10618
4064
10346
4643
2625
2592
2767
15583
7343
7008
6957
14859
10668
9591
10847
13717
14959
12690
13704
12934
11828
16433
11514
6551
15514
11717
13898
15960
2582
1388
9684
5470
8953
8938
10860
17805
6345
14167
3080
9728
9190
14144
14011
2790
10376
15381
5411
222
15975
4354
16331
4002
7871
3331
11195
10771
10019
5870
3039
5543
16673
16010
11706
43
767
4364
8290
6969
12196
2390
17630
724
4784
6909
12605
2671
13568
11963
13716
1365
6811
7274
2494
13100
223
2237
12334
14268
14690
3624
4645
7968
9742
661
17993
3083
4687
12579
4759
10280
17445
12359
4991
6940
16470
5162
13750
9377
6112
10558
14760
9902
7274
10052
7826
13232
8557
13166
16639
16309
8046
778
6806
3068
9973
3314
547
16296
14764
15732
15050
14428
5293
6515
6801
2488
12958
6102
3335
14828
15841
9119
14409
6301
6880
184
3791
828
12951
5943
14455
15735
1085
3907
11360
1282
1550
7240
2424
15765
14646
4986
6761
8273
15838
16012
12781
17288
8127
8387
15297
649
16461
3915
13758
17224
16198
8351
6275
17027
5023
280
11842
1231
6373
16056
5743
7826
13762
13693
17020
4591
16120
9493
4774
2190
11001
4187
5453
415
12389
14002
8245
14222
16061
7367
5960
4425
14469
10482
6834
3196
17796
5493
2951
1937
8525
11981
15884
2276
14475
15066
518
11688
1120
6085
2665
15692
11976
13238
8590
2044
16719
3082
412
5422
15735
11527
10611
4956
9451
12149
16207
7414
13263
12551
5396
17293
16735
15902
16920
13305
11460
11588
1351
7053
9659
15673
5502
14386
11760
8811
9524
17598
16928
16259
49
14167
2409
17274
10260
16119
1690
3575
7774
9584
13497
15456
12367
13378
15878
6520
2194
15817
7698
4152
8540
6971
12620
2142
16453
6521
4953
4754
2472
15194
1742
16798
5675
1471
5819
15770
7783
17273
6818
15125
2114
7817
9864
15022
7616
15487
5061
17418
12769
304
3995
9548
8192
12806
4161
15092
17249
2018
6682
1436
11157
5498
4356
15060
12092
4460
9314
302
1235
9237
1481
15822
15048
5476
12328
6381
14079
3775
16767
13401
4008
8466
17053
7391
5316
12668
3794
5233
17747
1112
4021
10939
4149
1942
2378
9120
12068
2268
11529
8499
14933
6227
4344
11712
11258
4490
15329
11554
2429
5260
10705
11979
4444
3982
4041
10474
16023
6178
9060
2494
3705
13356
2996
459
14093
14668
10687
3521
11574
13035
382
16723
17597
12652
2251
7156
15528
9444
11663
14589
14411
1580
11867
68
11510
2143
231
12380
16566
6612
8636
13236
15974
5788
9473
12516
963
14269
16528
12524
6764
17255
331
6321
489
15612
14223
7616
14099
10927
5750
12770
3090
6349
380
1997
16428
7022
16290
11272
8359
13831
3491
9500
6219
3763
16807
14184
12998
17831
575
13507
7947
17273
8867
12242
3794
9796
13450
14755
13852
16239
9286
754
5229
16042
12628
13810
10973
3385
13186
14180
1758
3728
16335
5461
11187
2027
13804
10211
9221
11178
9955
15315
13426
8983
8611
4539
4830
1298
16036
5948
3130
701
4421
17964
12064
13162
4257
7148
4346
84
11159
2805
281
5354
622
1439
5310
18000
11862
10620
991
17732
9897
2657
17929
8864
1945
16785
10669
233
196
9352
5091
3205
10516
7725
17055
13825
4062
10815
4297
6251
15755
16244
2281
16119
10479
10564
4034
10302
17205
5115
12998
6447
473
15945
4042
1935
3145
2632
16630
8468
14543
7127
5374
2987
395
10612
13040
6804
4859
16436
15867
1430
1572
8990
9607
9482
5860
13981
6337
5792
15475
14067
8062
476
14896
8546
1595
7656
6286
11859
9223
429
13274
7210
13916
13597
429
10930
8597
17396
10307
12127
5705
17366
4807
3912
11665
4236
687
12098
11360
944
862
9712
11476
4515
5738
11069
11760
5497
6070
5474
13175
665
6451
6062
5282
16639
7437
4633
14378
158
14376
10514
6745
12896
12384
16933
16409
14758
2005
8679
2952
9721
16111
6064
5877
16081
5226
13794
16169
17959
13981
15639
10924
7759
6635
15084
15290
3912
1234
9725
13680
246
5497
16082
2352
5785
6108
16383
12624
2133
9427
14626
4332
9110
1548
26
5576
1252
3195
2241
1843
13162
1450
2644
5365
10995
3523
2388
7060
3782
14669
5502
13533
3900
8647
14792
17898
16100
16146
902
11856
12399
4352
9606
13938
6936
6508
17194
13067
10555
17991
5813
10676
7832
9589
4356
12531
6245
6219
15441
14129
7034
10315
12777
4641
17810
12296
2692
13240
5544
5580
11754
10138
12582
16080
13873
14408
119
3447
6601
16393
3663
4521
892
2376
6441
15837
10649
11505
3806
3522
17602
15084
1396
17284
5134
7296
3180
15069
4691
15950
5608
7956
11332
11606
8166
6135
12241
2681
8489
6660
16611
14623
12092
2014
3944
3648
14605
11273
5812
1254
16515
14619
1694
9828
5211
14613
15240
11307
15870
17646
2411
12505
2211
15043
14301
13396
14092
16956
5711
9572
3101
15770
1796
4653
14032
9768
2562
14373
16896
3518
16714
1921
14061
1376
8382
12718
12344
4668
10163
7259
248
6646
2932
6192
1259
14360
16693
1017
8374
213
12887
17200
13123
5408
8937
5159
16578
16010
16303
10945
13858
5967
8140
10081
2141
14672
6082
6383
11098
8603
5183
17844
10425
2063
17291
4280
2974
8547
4013
12169
17740
3499
16759
4423
8414
12969
4485
14894
4709
14618
8037
5402
10559
1870
45
12148
13803
4131
11952
12942
5353
17968
10368
2694
3122
9980
183
294
502
11715
15012
14058
9868
1981
15310
11522
11891
5941
12811
16709
9575
5672
14140
2651
4023
11820
11789
4407
3887
15291
9253
14411
2626
15586
11988
12227
7760
5410
756
5452
2758
4573
7142
14467
6652
12156
9433
17611
9806
13453
4829
8468
10586
4320
16366
11325
13455
13341
14772
2495
2162
2163
14489
2932
15306
14583
13941
1628
15133
17978
11572
7815
11009
11270
14893
14535
16412
6545
10088
17708
793
6723
487
8786
5502
13001
13591
16920
5553
3435
16501
6534
16419
11736
9512
11395
4530
13590
15210
14465
8796
7417
9135
14485
14680
14523
6626
12276
1258
5442
8504
3642
1650
13836
5497
9886
9362
13372
1184
7084
8714
10208
11329
10462
4225
6292
1161
13830
12952
8484
17781
8390
13475
7819
10949
1754
1468
15907
11223
118
2237
7850
1465
12209
4
14628
15967
6081
15692
15914
9492
11761
4131
13146
11707
16326
11578
9670
17416
5646
9796
12016
7269
14823
1070
14192
7041
12072
13937
10934
12296
17235
12794
12552
17923
429
13787
17447
13611
5678
17674
14139
2873
7683
12160
7385
3574
7110
1193
5729
15190
8730
16836
12108
14496
16937
607
15382
16526
17099
17515
15327
8126
15343
17533
10733
1176
5280
11580
10826
11029
5346
706
16487
17374
4700
2757
7944
3580
10443
1139
13146
7063
2086
3943
17108
11204
607
2643
5701
10279
12272
11285
3802
12105
2692
757
8133
17988
16242
7053
8205
17978
428
5003
2269
7709
11672
16720
7460
11622
4089
14727
1178
11928
4341
298
13596
12398
3072
13337
14505
15109
11881
6232
16587
1822
905
3640
4380
8614
9493
17243
6140
4710
17304
10960
4607
4635
3486
6745
12198
16008
10395
8895
5625
17858
973
1034
9580
14624
11772
12337
1915
14102
9383
247
4500
2428
16142
2323
1007
4962
2265
6858
17623
16012
17772
13382
191
11532
6552
1355
9399
17190
13622
17926
12736
15340
9688
7469
1770
7839
3984
16399
14079
6978
14719
10335
3055
14917
3143
10579
7896
699
13397
17502
88
5038
8619
11072
2358
1115
16856
13552
4228
4258
1464
12338
5412
11696
11670
3276
16565
12959
6529
3327
5788
9440
10532
17408
6069
3946
4321
11188
4808
17775
14665
10792
7129
2317
2937
1853
4265
5669
16741
4979
13890
8606
9601
2942
6737
4816
5468
17037
13801
9054
3270
14880
2615
13228
4826
345
14954
6002
11612
15033
1540
2503
10603
14678
2131
5456
14737
16981
14563
15967
2119
5532
1268
13546
4572
17102
3630
6879
10543
17077
12157
4962
3604
16513
1931
17287
3841
16428
14665
8838
15932
312
13212
15871
665
16629
1235
8915
9580
9293
10425
8143
9337
11221
6076
1534
564
10225
8565
14932
10677
3140
8148
9738
6163
4131
3978
2295
15483
4730
9770
3948
17600
1330
12897
3295
6991
12566
7816
15111
15057
10081
15129
16333
3640
2391
16791
4165
2847
9740
17949
778
17965
17161
9225
14180
7952
9020
15102
3286
14279
8456
11377
10695
9611
1877
7868
13751
449
14281
15502
12103
4999
3915
10559
5322
1541
17982
9177
431
14747
16414
11688
2671
3666
16989
8472
6214
10834
8639
1485
984
11826
8688
3124
3837
2125
9047
1389
6728
525
3290
14185
16057
17937
17136
3823
1751
1371
4137
8262
635
15248
4151
16556
386
17147
9089
15975
11197
2329
9313
1688
7007
859
9813
14232
10329
9694
9706
6776
3848
7149
17735
1210
5290
10757
7115
13524
16468
1617
4136
11262
6448
5543
15953
14191
10339
11005
4219
4449
17853
17146
15722
7628
15724
13323
16227
17750
2556
13069
9127
16827
17870
8540
2183
16103
16913
15079
6209
13597
12167
6127
1565
4271
3813
5539
5763
11809
8549
5014
8932
16026
10101
11397
4535
1267
13992
14462
9419
14610
15537
1261
4916
7509
1620
16588
2429
6228
13948
13026
15528
2404
2163
9332
14293
5331
557
1923
14514
2709
13412
14416
6580
1051
742
8374
12347
16801
11406
411
5610
10867
8817
2302
14043
14367
2448
14153
7673
15062
4119
2606
144
16405
15372
12875
6359
12564
17253
1972
8181
1327
1602
17046
7851
6464
6274
17952
1360
15846
5482
14894
4891
8892
2158
5579
15857
9551
14577
15244
16567
13375
13857
4568
7334
9725
3274
1160
16377
4404
5422
17088
5921
9001
7032
12910
13244
6775
1910
5456
10562
13863
4353
5320
14078
4694
5054
9571
2445
9677
5396
6696
16562
17297
6868
9095
4786
12248
16947
14682
699
13838
15773
2397
792
14243
3557
4615
4140
5536
14344
2583
4610
619
14136
11912
5417
5208
1941
16810
7995
11235
17680
1369
3018
15000
15025
17553
4099
9035
7338
1751
7885
16567
15864
4623
3514
8830
2154
16694
15426
16901
17495
17164
16930
15798
16268
17032
6067
8807
4874
10350
16773
9347
2977
190
12571
15277
1968
4170
3966
17855
10002
6227
6371
9910
15027
3268
11107
4865
2027
15215
10656
2741
1915
10086
15184
13797
8052
17012
143
17293
11624
526
8420
10507
15800
4707
4760
4461
14513
4438
8825
8532
8087
5567
11979
11996
14119
1722
4703
8252
6311
8482
570
8944
9622
17425
1234
6477
7111
10820
16798
15824
5080
16810
14874
14580
2971
10375
5334
24
2943
14033
10258
1832
4061
364
4904
9594
551
6276
1718
4401
3469
6857
3957
1070
10438
5936
2113
13951
12081
6862
6088
7332
13727
7735
12677
13381
13137
3235
425
14807
12756
10816
11650
6458
14232
9369
13024
11495
16098
10680
151
112
15105
16929
17739
9045
4773
9045
6526
4853
3551
5552
12825
4968
8226
16574
12197
4770
16064
7097
2059
2751
9895
8181
4946
12428
8907
17112
2722
16876
963
8838
11028
12230
12942
17942
14609
14148
6487
13650
6529
15184
16843
17278
11336
2270
17948
17176
8813
7930
13827
8830
6614
6422
480
2538
5779
3195
15042
578
3482
15127
2236
16325
12436
2180
14493
14130
13571
6987
14484
11144
7843
2311
11854
15180
16582
5593
10212
15534
4444
873
8799
7622
17438
12300
13350
2554
6347
627
3571
13144
14898
4098
6226
15634
9094
202
11651
6110
8620
7936
8961
7161
7368
2382
11977
15783
10038
3239
7954
1999
239
15947
5774
6977
6772
14749
17995
12918
13469
4805
14324
279
7465
9342
10619
179
9662
14489
10112
3975
7328
8787
734
3151
17255
9281
11202
13418
13198
4547
14345
17242
14549
1507
17762
585
9570
7667
14405
10571
9864
5831
16116
1316
8524
3505
622
12946
16171
3297
14797
7579
11050
7670
10634
14782
16089
15166
4687
17956
184
7854
9983
14340
1093
10713
13766
5609
12528
10712
8349
15102
15173
3409
2723
14556
4976
8591
10825
10726
6611
9806
7673
12316
15081
293
16362
17487
10854
6432
13745
4189
2981
11117
5186
9742
8564
17699
13379
8736
10694
3813
9595
5607
5373
7338
9552
2738
14482
1073
14969
11127
908
7906
8956
16916
10742
17018
4783
4580
10546
16173
14366
17949
12735
1769
8660
6638
9121
3770
9038
17246
5918
16945
3985
497
7232
7892
5743
12585
4839
11639
17877
2317
15018
3099
10126
6283
11520
5420
9129
7693
649
9852
15349
4685
15570
13553
1664
8016
13775
12456
11584
4776
9759
4834
590
11588
8065
12213
1609
4988
13889
5892
15591
2476
1915
6074
5877
1604
6616
7218
11867
13725
12903
11859
8371
412
10535
15993
9537
3225
15797
2490
7414
13615
5740
2897
1101
13825
7837
3757
577
17429
771
10963
12164
13778
7233
10905
7934
5294
14485
12085
4186
4955
2532
4875
7405
2401
10651
8
9495
3446
9755
14259
9118
4507
2724
14604
6678
9240
1332
3613
9763
6890
2211
17678
8272
7788
15916
9516
1941
14990
14225
8234
9141
2271
1614
14769
14737
14114
10485
10474
4339
13050
17157
2481
10276
9319
4308
345
7310
15389
6469
5819
7575
16836
3234
11575
17852
381
14990
15824
8451
5713
2181
9347
16413
15267
12326
3839
9027
3623
5069
238
9793
2353
12374
12622
14836
7565
14971
7196
12248
1989
15353
15690
1482
5136
605
120
17461
8019
118
6397
15033
11540
2025
12328
7261
11762
5785
574
17669
359
4284
6881
1362
16696
15993
5202
10155
3448
17542
10589
4778
14515
3043
10164
140
5095
12067
10053
4113
8854
3332
2460
14071
10268
17381
11001
1996
2039
13439
6476
1583
6024
14000
10461
17534
12835
20
11866
2448
1706
13160
15261
10674
9190
87
9375
7309
8895
1821
5925
3092
5080
9428
12034
8416
12294
15992
14151
5303
8687
15982
4039
12566
9262
878
13512
8111
6733
14935
8143
14905
17715
5852
1059
2897
4679
13650
10941
6692
10012
8800
7348
137
960
16571
6698
9385
13794
16307
8261
13403
1677
17622
15680
6542
2397
11028
12281
5548
13753
15922
10967
15051
3461
8336
4271
8813
12311
4092
1815
1328
227
11486
8007
5964
4206
3715
12539
8518
14471
14695
604
13926
15122
13444
1935
1849
9265
10642
12891
13662
6449
4690
15111
12112
3992
2825
2889
12618
6621
9912
16333
2874
5232
14765
17047
2321
15271
15326
11778
7780
7528
4883
7887
16813
7450
11275
13456
3234
15022
15437
1589
11954
12761
14495
6084
5244
11360
11686
16153
129
3388
14619
15747
1413
10061
5905
16411
6696
686
5448
9027
7940
16561
867
9177
11724
5476
8248
602
5784
15205
9530
14104
7395
17400
4425
4376
6711
11951
2724
9095
3824
13191
3761
15917
14624
14569
10986
5368
17352
3376
3992
15765
2853
7278
3260
10844
15873
9157
12843
14769
6213
15365
15658
10263
3043
13242
9806
9602
13182
9441
15394
15301
17252
10315
6447
9493
207
16891
10
11441
13036
9012
5787
3038
7776
13122
14848
17146
5394
7241
2996
9679
10118
1710
3646
9623
10531
7079
4251
17759
3228
9236
13792
12796
5072
9357
17144
536
14488
1426
15510
14348
15571
2691
5103
14891
8744
10355
15210
13094
9182
5313
7291
13561
5487
5401
9488
3677
7414
3427
13912
11701
16973
13535
8923
6160
10169
14267
9953
9609
15085
12005
6718
2522
9721
1877
10659
14438
3339
14459
8661
7192
5801
14566
6063
8942
14172
17936
8369
2797
153
8499
2240
10220
10263
11650
6786
1870
15112
2547
15062
113
3228
8577
10364
4989
16610
10423
16942
3158
13024
11592
9891
6170
4884
8061
10259
13874
12702
13373
15108
2187
5895
1631
586
11728
8510
8607
576
2681
9793
4810
3314
15707
16784
3330
16885
8742
9550
9014
14407
8813
10331
7542
5494
8191
13650
6113
8549
10005
12673
13990
7600
17532
9288
14037
14950
9560
9283
11201
1441
3365
10624
1999
11927
9597
16960
1018
11883
10238
9071
15846
15271
17620
10572
16917
4197
16950
3756
7160
6530
15172
15560
14996
5807
9500
2917
6095
16125
12869
9305
11919
3568
333
16451
12315
8190
13329
12905
14047
2828
7866
4352
10288
14265
1697
16119
6384
9049
16280
7978
9901
16465
10390
12021
743
11231
5630
1706
7749
11928
6472
6897
7254
7763
8501
8305
13248
14242
5962
91
2464
17773
11365
8341
9511
3019
14464
17546
5502
4313
6035
7342
14733
10895
819
11876
16724
15660
319
16422
17474
16909
12567
8679
4896
269
17506
11836
586
13116
13124
1407
11407
3300
2762
6935
4004
2890
3292
3547
8971
4258
12134
9237
10315
3551
4310
4835
13256
13106
23
12336
1918
9521
111
3587
15415
4423
8587
15441
7213
839
12223
17183
11279
13928
16374
14534
4228
16541
14357
15523
10793
5742
16965
3350
14642
12298
6229
7037
7989
12880
11318
4728
13227
3733
9591
12570
6396
10390
11335
8395
8191
829
4376
4025
15552
17470
6268
3267
1565
4721
7942
6804
12924
8646
4189
3844
12828
3365
3026
2777
14662
6997
4044
10726
8584
3036
17571
14847
15992
8550
1656
17028
2685
4055
15671
16091
16698
12966
11161
6197
12001
10980
9690
12738
12010
5537
13428
16627
2285
15479
8614
9839
13700
105
3138
13086
2313
1636
8395
17652
1794
5172
7812
9107
5983
15738
8353
11864
45
2047
14213
9534
7233
1411
1207
15189
13453
11490
4174
17481
11019
17322
8151
12761
17456
12877
15016
9205
9248
10740
9461
14462
7421
10259
3779
15312
7602
4008
5756
3814
1224
16613
16874
15601
12020
16043
7006
3762
6356
16339
10684
11692
6864
5250
6497
4439
8124
13712
6875
4848
1437
6892
12696
3009
1235
17794
1829
14265
6070
13966
3553
16580
13087
8769
3971
9440
11014
14220
7854
3811
16372
11520
13184
10095
3308
17921
16870
14011
2292
16514
3474
672
11939
5009
6525
1067
4781
253
5668
13490
17918
7072
14180
10853
4062
10484
12519
11016
3998
3100
12575
8499
17065
14878
6833
1808
201
13978
3531
8016
12129
13063
8885
4421
1175
5316
14608
17235
7169
3339
7237
17624
1196
9062
13821
1332
3071
3992
12351
3833
8293
15626
7820
14554
2166
17483
2398
8731
14469
14438
48
17579
14018
7427
2775
13194
16735
4476
13910
12025
12412
7582
15985
15032
1173
7315
7188
15248
2727
1595
13609
5501
10785
4822
13464
11486
4203
11409
7667
6617
6446
16286
17305
8910
9352
15764
922
5803
6695
3281
11368
15205
8131
4673
10679
754
4379
9210
13459
5066
17943
15578
15759
16708
13902
9592
6643
2706
7583
15837
8311
11165
791
4837
2919
6673
7276
3518
63
545
17845
15767
5086
6500
14810
1653
8402
2292
941
7509
1700
14043
1268
17687
3181
17200
7252
3142
428
1838
3368
11393
9744
2408
7628
1730
16839
5950
2911
9616
4974
10369
938
2186
3613
15506
7968
13881
5600
11336
15289
15360
1036
6963
1630
2394
6779
14467
7387
5869
5291
723
7822
8702
14563
8853
9117
15601
10393
9393
973
12358
17402
11032
13072
6448
9402
6605
8927
15429
236
6797
5126
9287
2587
12910
10536
15693
17315
7388
4847
680
9997
9116
3510
7120
17426
448
13950
9471
2553
6569
9609
4598
9706
13095
9533
10114
9905
14276
13313
5520
14892
5352
15958
12896
14432
6849
5026
15519
11611
7190
10902
2678
5722
16037
6677
343
13658
10471
866
4073
761
13033
17294
167
12
9496
8691
1821
182
8049
11790
14848
4671
13893
16489
15192
17395
9839
6665
10216
2861
17840
13344
1949
2505
13875
2388
11604
14933
3953
533
12740
5478
6718
4213
5506
851
13192
10362
10347
11890
4754
6281
6561
1809
9149
17239
16565
6588
1767
3026
13504
16924
11168
15673
17055
4795
381
13685
10439
5504
11953
6564
12259
15024
2876
12924
5960
6707
9110
2047
4569
2849
7494
6275
2830
9582
2966
13534
3711
3388
13820
4136
2222
16593
10839
6080
9294
8422
14455
15437
10468
15922
8968
12764
1882
10500
12083
17828
3626
12642
10948
1614
399
1088
4184
12042
16265
13471
1019
17325
10576
14184
16358
15516
1317
14562
11802
14463
10884
3287
7144
3209
9323
4322
11282
14640
11885
9341
14176
5028
11879
168
6343
5510
10665
4852
10812
4495
4247
9195
11719
6587
7414
15802
9418
12915
5374
905
2195
8369
8099
6867
4793
13605
6133
17024
16343
9884
10101
7896
5556
17701
8528
5447
3846
7574
9052
16038
17679
16150
16088
11246
8752
4104
5672
2812
14536
3167
7342
15982
3264
17404
7172
4504
7590
8217
10335
7804
17014
4839
15588
12118
3212
8304
12293
12297
2273
3158
12496
5348
5767
5831
15034
13607
12855
5983
8969
15408
17973
13980
15975
3901
16309
15760
1584
16560
1785
1431
15870
11909
14138
10011
12963
8485
7710
11678
488
167
5999
15866
17705
11554
655
15315
8053
14242
5864
1455
7548
4676
6865
16729
14615
899
12545
3148
4724
1355
2762
12431
14142
14552
1232
6227
10531
17138
3667
11342
7708
1169
4735
13700
8694
1007
10129
17099
11024
17329
10182
4646
15377
1593
16511
7895
11004
10905
12130
13341
16215
245
8232
2133
12806
13409
14005
6418
10538
2461
12901
14538
759
10474
1167
14472
475
5338
13476
16583
7156
5657
16835
16449
17105
9019
10321
6026
1898
12930
14657
7582
5494
14672
13869
15049
17987
12992
622
3144
17948
12829
9569
16825
2615
4101
9952
955
4641
9605
10105
16975
13923
7687
8596
15573
3128
3883
10706
13821
8731
14416
4944
17474
549
7551
8704
15613
1436
113
4407
14389
12008
2882
11537
2221
2967
9618
8553
14295
8015
874
12800
99
17015
7401
4220
5111
16291
4081
14554
3835
3958
3140
5623
11336
2465
3650
10688
629
13056
9795
10124
1149
8796
16459
10027
7913
7496
7465
2859
9646
11483
14409
11077
16333
5801
13245
12265
7431
611
14680
10327
3984
16004
4785
12838
1699
7969
17652
9390
8344
12707
15632
14842
8646
5488
7490
15055
8622
8149
16302
9080
8614
8765
15503
15110
15007
8886
8957
12381
13305
11688
1871
100
14554
3890
14119
4058
10520
12860
10288
13291
10137
9434
9415
3325
16125
4520
3880
3525
8013
10569
9963
12320
8762
17218
8355
16599
8598
14312
3568
4927
14291
7247
9044
4397
14528
5272
2700
6201
163
5649
7966
17351
5958
13245
532
7940
785
6767
3790
1446
8079
2848
2247
15896
12322
7248
9514
2069
9469
14594
4018
7586
7233
10841
16607
5282
15995
17468
14799
3633
9834
7453
5767
7591
12351
11090
3260
13867
738
11008
14472
17358
4231
10510
16618
15454
6858
15380
6334
13895
1868
11651
1546
5262
946
9510
15158
10481
10011
12446
14357
1373
9452
7429
1704
13792
16789
1522
14243
8168
14379
12636
10415
17565
13922
12975
2865
12532
17469
15546
14832
1953
16999
1088
10090
12161
17879
13022
17818
10624
17710
471
3540
4138
2153
10814
2210
6772
5300
5312
16381
17423
16890
15491
5904
12880
1388
2032
7423
10476
4631
9415
2877
7570
9635
12176
15132
13508
14165
11605
6984
9040
6615
1590
635
7118
7810
11542
13245
14630
4764
63
3540
11751
4251
10673
17646
502
7037
13997
16360
15013
14839
2288
13348
11588
4998
7184
9846
9064
15053
4006
10392
12151
3416
11950
2178
797
10126
10812
6888
3474
3032
7581
8626
2499
3069
16944
17332
7267
2438
2222
6169
13536
4508
418
11096
5365
7951
463
4574
4182
8662
12685
6660
5705
7073
2486
12092
7575
12704
8472
3793
12004
4937
16338
15383
2146
17039
14228
11407
10535
9987
3894
16159
2196
9867
3586
4711
8927
2448
15477
5041
4212
17884
13055
13213
10644
2521
11604
14591
4443
17871
13935
813
8619
4833
7
6472
14470
14815
13023
9942
1058
8799
13931
8519
16492
12184
712
6707
4565
7450
7488
11123
5076
14026
9466
15723
16630
9982
3706
12090
14165
9544
9657
12723
9849
7847
11589
3300
5937
11242
6806
17521
6609
6648
14525
16497
5220
12739
319
7633
13184
3559
1955
1744
16523
17549
12325
16088
9620
14767
8296
11633
4772
17231
14810
6695
8703
10819
8098
14074
13647
418
424
1536
11381
13902
3395
8073
15553
3644
8539
8544
3798
5509
4045
1518
9778
4628
1250
9065
12310
13456
12668
10211
12981
10818
1291
3220
13228
3323
109
3767
49
12339
14927
15436
3964
5811
1762
8866
2455
4106
11202
14190
15666
4430
13575
9821
6322
187
13024
17011
17167
672
277
15679
3981
4938
5099
16676
10983
9474
3589
22
2361
6752
2439
6642
14581
397
14965
10502
1783
17048
14533
6481
13761
907
10083
12034
11318
10498
1686
14347
536
15954
8045
14994
12641
12318
7986
4159
16843
5187
1467
13849
16291
13772
9420
11162
1256
10552
8905
7600
3080
12408
15676
14028
6636
11412
17987
8807
565
1005
11201
8153
8932
3760
8442
86
900
5145
12633
4996
7224
11519
4459
4241
10575
13162
3218
9254
1997
16356
754
9990
10496
319
12402
16538
11173
11811
10316
1030
7437
11359
16774
75
6336
12762
17075
17969
7869
3944
15634
9257
9207
5723
11783
9357
10665
9950
15471
10519
14310
12603
858
12623
16651
16309
17721
11491
1640
14667
5239
5031
13040
17320
7323
15946
7622
4063
3306
15918
6496
16981
17564
3011
4100
346
6384
13398
16263
7014
11686
15764
668
1972
13752
10952
4087
12842
3264
7021
2698
10290
3045
7765
8023
1071
7873
3524
17719
16020
2970
17308
297
735
5182
4015
9688
13043
6222
1854
3846
3884
13710
16746
2049
12838
15043
7247
751
3508
17051
17089
7924
16288
1187
1767
11218
7821
11426
5607
6935
2384
14704
7683
3018
12184
4023
13986
3354
15331
13924
10585
16922
8353
13556
11027
4055
13934
12364
11383
5238
15655
3267
5915
7330
9908
16643
13475
16136
10187
7935
5819
2472
17567
8335
5141
5126
1352
7134
4653
13822
11704
16913
9975
1779
2838
16629
3315
9467
4180
288
1214
10531
9879
11325
15450
996
8402
14914
1713
2146
14782
17762
14728
2190
6307
502
2234
10780
11828
8853
12196
1898
8437
8030
4695
12879
6969
12825
6212
15473
16020
1066
1462
11476
9206
11814
17781
11283
7905
11934
16934
2035
14518
8081
11863
13320
10127
14630
3968
15939
9292
5913
8402
9360
11411
13302
7397
10468
11163
13137
8914
10781
9631
14859
16768
3150
251
17649
7224
7917
8271
12555
10715
11145
6997
16922
14082
5496
423
8794
9075
17699
5529
11894
6260
17365
370
11054
10661
1420
6464
4142
13273
1941
1629
6472
14859
13707
11421
17575
16120
10647
17671
17990
11473
3416
15584
5487
2160
3873
6637
15387
8794
10541
10658
12515
3257
15655
7961
17444
2535
13960
9219
13396
903
2547
15424
16247
8204
8654
5732
6232
12120
39
8052
9041
3608
1098
6635
9943
3034
6683
847
2418
1590
16087
12424
156
5627
16231
13375
9356
16902
4113
5503
6755
8872
12004
10311
9490
9692
12120
737
9391
11413
17070
8505
16267
1505
409
16163
9953
12494
5730
17477
13127
15259
10360
2229
8577
5452
1755
6602
6253
16463
5948
17835
8279
7801
2062
2203
10662
4278
8396
4770
5947
16653
16911
5060
2748
4441
7118
15978
10433
6690
2718
8733
4985
15814
14628
15549
11463
16149
7747
10905
16089
75
14332
10386
7586
9513
882
6665
10862
17037
9970
8549
2187
7845
10211
1203
2189
13374
10588
13023
8920
12140
14349
7946
6810
15092
16364
3379
9340
1742
480
7522
9899
13944
11852
4500
2397
8340
9628
2381
5307
8417
10321
1077
17752
9420
12646
1126
5666
11086
10803
8697
54
7641
573
2878
7425
8691
7315
16877
13490
9410
5830
9226
10893
16364
7210
14125
13305
15678
823
12186
9530
17690
7975
11972
9781
10971
4558
5249
4223
15997
5893
5030
6714
3866
5406
10040
15973
6847
15965
2656
8382
12670
13906
6093
16924
3786
16584
6884
11198
6088
7809
407
13065
7106
17212
8202
5997
13891
10972
8798
6589
972
10375
16192
13757
8579
13207
12789
5183
16706
8392
2303
5056
4728
13433
16217
17888
13863
16452
9828
1483
9466
3301
11303
16264
5868
5364
5488
11133
13052
440
14722
1469
4987
1204
10314
2379
5684
13854
10587
12838
4040
11824
421
12037
1880
9902
1467
15459
16687
2545
9809
2044
10121
4519
15441
15996
3927
13647
1653
5140
17271
8663
1199
11266
648
15828
17236
13089
6203
1042
7809
1757
16390
529
8870
7423
7956
5039
572
16601
784
2780
7682
1661
14525
13788
15923
15111
4898
16530
6669
17540
10796
2533
5311
7429
2261
13572
4933
16049
15806
16375
6994
12817
7215
10215
11715
14355
13261
10545
17310
6462
10915
13598
5045
15293
6705
2772
11091
15753
17102
15554
17854
17191
10551
1829
3806
15126
14684
14155
6110
12996
15990
4110
17205
12312
16238
10660
5013
9990
9356
13932
15954
10073
2689
17457
10575
463
14318
4259
9017
13384
16096
10300
14104
15001
4266
9893
9331
14338
12165
6025
16664
17239
13162
2710
12038
4002
11292
16649
17861
14526
12183
11577
9900
9491
10306
3291
16244
4762
5065
10351
5284
8918
13343
7155
14316
9110
4081
17840
3153
7789
13893
14422
2504
535
5883
2162
16131
951
9902
11067
13803
8605
5740
15593
8876
5988
1356
16444
15321
10693
4486
3413
23
10434
1229
14742
17395
2730
5950
294
4325
16219
4198
8168
719
6743
5577
2905
7003
14692
13073
11860
1090
17011
9192
9160
16675
10840
14780
7778
5569
17889
16033
11505
14104
4357
14844
9625
4678
3849
5726
1856
298
14428
4849
2363
15234
17631
219
1213
4529
4222
1262
10157
3113
8149
522
9699
8239
912
1552
7290
16845
15751
12503
13214
17879
7223
5292
11126
3050
6401
14399
5591
5243
17737
12521
11793
7927
4860
14492
8245
9272
15321
13430
17959
12378
9261
6625
6100
5389
9971
17069
9425
6650
15491
4437
13515
16385
17921
2938
13874
8086
8713
12758
12224
3048
1740
1896
16857
903
13180
17113
16399
15055
6851
7830
3182
2372
8404
8250
17505
9798
11235
9019
11923
2490
13504
7973
4043
14256
2917
12799
16870
3634
12756
17050
12340
14990
6605
16551
9589
9539
3437
9621
13924
16704
9798
13817
8899
5559
7958
14632
7415
8249
10012
6061
8478
1164
14188
8108
6716
8674
13011
12494
1810
2118
8882
11415
3627
16463
3278
14165
5040
361
13007
4765
6705
13742
1777
7292
8481
17783
15490
7392
10910
14008
8723
7039
8778
10843
14431
616
1530
12532
1312
12879
7025
3192
16492
14210
7514
9621
14662
9912
2109
8447
16280
16521
3003
10743
12472
13498
17134
13780
6476
3349
12978
7161
11010
9193
2272
13610
12117
17924
15601
7078
17214
12848
14771
14159
14906
17224
10303
11800
16999
1045
14774
17586
16098
15767
10838
11163
5195
15249
10231
8584
4632
17083
16707
7769
14899
6803
15127
17399
472
15754
5731
16599
10457
16864
691
15732
13103
8622
17343
6518
10644
2077
11825
6616
16447
3136
11533
12279
14617
7630
9514
15409
10031
12593
6732
3827
5284
2581
4425
15156
15648
15605
11165
8727
17258
14885
2606
4870
4792
7661
5665
12908
3
8941
17233
8553
7387
2847
10782
14672
5085
7742
16137
11908
13574
7094
8592
13466
2418
5098
3972
5693
5871
11896
9800
4821
10456
1084
17104
9409
17718
7067
1445
6465
16339
16121
6329
11614
2998
16511
10489
8940
1130
762
11753
5734
11920
14450
4721
5306
11638
9804
11078
14618
343
3974
9441
7532
15762
17110
3642
9269
3670
278
2642
12217
6581
14021
11417
7895
3137
10123
17224
12771
14295
2913
9842
14401
16230
9181
6205
15269
9545
6557
17906
1511
4960
11256
16084
1590
15745
15452
1956
9308
6673
7146
29
11507
8303
17303
4072
3201
15609
13757
15475
7978
16377
973
5656
4723
14383
2832
267
9902
17061
11798
11175
1395
6989
1027
16525
10962
11159
2193
17516
2070
6314
1861
3401
11559
1997
906
6750
10245
16245
10386
9336
14614
1784
12540
5741
6478
3590
3604
16290
10670
17970
4754
8031
10726
12952
17157
6868
8501
14113
14999
8106
1111
17951
8572
15686
10086
10206
4626
602
11003
10372
6074
1806
7972
10956
13664
4843
4798
5151
5942
3147
14716
17954
14129
16798
15778
11809
14738
15424
2470
5434
2864
1437
775
4018
2090
14058
3626
4864
7676
15567
11758
17119
4538
7659
463
6457
15015
4914
2771
12692
1147
8057
8139
14956
8583
10045
4533
12775
5636
15190
8603
17227
12882
1268
11195
10483
3684
2331
3206
12433
10881
15429
15424
3322
1730
10895
8085
14533
15359
7874
15655
6248
12509
6983
10006
12558
7669
3172
1802
9567
15350
5561
6827
12309
1279
2311
5915
14655
10879
9459
10436
11501
2236
4751
17455
11475
3722
9575
6729
7641
6833
12973
1722
14984
6015
4295
12014
14333
2376
16284
13034
7180
16152
2874
8474
13330
3223
10483
4079
879
11374
1291
4052
12430
974
14046
16588
8967
13857
11051
15686
6014
14062
4144
2070
3548
6295
2112
7791
11404
7756
5604
12304
17784
2386
16624
16895
14825
12476
1161
1165
4051
5487
15215
3929
10816
786
6955
12418
11604
11696
11031
7092
13272
14257
11970
11999
12090
4075
9787
14408
10945
15709
13846
12466
12270
8506
4029
6650
11491
6189
743
5867
8413
4079
17216
7395
15916
11783
13395
5145
5992
8285
3661
1487
11334
4877
14492
9453
13085
14954
316
4620
17898
2082
425
7306
7178
13617
6496
1700
6636
5535
9575
17099
14649
10889
9900
1842
11553
1196
6223
15537
5205
7038
13591
5987
10556
8341
6206
5169
11070
6500
13691
13108
14390
7411
5521
8167
3788
14359
15657
6284
5212
17427
14307
14916
2675
9118
9810
5847
7649
6147
2540
14392
13657
12091
10189
3040
16281
3444
10659
5021
5366
13222
12024
1776
7106
11359
13350
378
2715
8501
15869
9448
16274
1018
7952
9769
11592
14552
15307
11352
10529
15492
3923
16812
13681
8616
2015
16844
11471
9948
17967
6148
16047
10910
9996
12797
5465
9525
3054
4951
13981
1110
6493
7696
6858
291
4695
1784
4921
15251
16815
14046
4178
11045
17729
7131
5046
381
281
16635
10945
15771
1109
15230
627
12264
13867
4508
10990
17472
9902
7518
8537
9485
9590
16377
17496
14843
16063
8148
10294
15524
9628
8619
12447
15310
10551
1380
7330
4473
15086
5066
11346
11019
11998
17705
2059
11412
10229
6380
14599
6609
11109
2433
12592
2200
7350
3293
7394
744
8837
12188
9072
16384
8870
10969
16593
11403
13945
1481
15151
6958
5336
17342
16104
4487
1846
3623
15739
16256
16813
1854
17986
14553
5362
5949
9742
16648
6700
6568
4628
2338
9377
3851
9953
3458
4655
3447
11889
12506
2794
12743
5462
6155
9368
3779
9321
11867
8489
4881
14924
9112
15796
3988
3151
4138
7756
5100
6811
17408
8052
17450
15815
2945
5535
8994
12777
2503
6107
2287
3109
3
7577
2824
13345
3227
16512
29
15138
2725
1602
6657
11074
1548
10115
17989
2948
11977
12191
16706
14071
7285
3759
9713
6382
2097
1919
6131
10952
847
1411
4960
1543
2704
8158
2293
15608
2745
333
11428
4038
10907
15291
2793
15239
7878
4531
9058
5981
160
12842
5307
6441
16679
65
9193
4903
16244
15952
6177
10059
10460
10093
16859
1006
1206
16975
10443
17654
14513
2902
12048
9067
2824
1679
6013
10385
5687
16529
9801
3874
17632
12427
9342
9232
12926
8543
14408
3481
1916
11858
17469
4125
12166
1535
8552
1015
14979
4894
8443
9405
10435
14132
13443
6078
17090
13240
15771
9192
5819
5863
17327
10853
9882
5206
3016
13937
15872
11490
5781
7890
5849
14286
5303
10926
1597
14106
5193
651
10800
11252
8340
14663
10011
4516
12449
11623
12218
473
7335
9779
14119
10994
4861
8954
13300
14131
17782
3503
2621
2321
9432
1648
3050
477
11736
2400
7629
12194
13915
8931
9974
4639
4265
17764
12997
1674
10721
6963
17336
8384
10905
9936
93
15118
12571
1101
7659
3338
2715
13457
1075
8803
5947
6409
6449
2602
16045
5323
5884
4327
21
13760
15495
4372
6752
17192
1086
2494
2102
12784
1718
14823
12844
14884
13688
4857
7740
4406
4916
4739
8343
11533
17445
17473
1058
12899
17352
13969
595
16139
17637
9497
7137
10838
9050
1238
7029
1744
9814
14048
4240
1179
601
10329
15069
7589
16952
14118
12056
7187
3287
9634
5759
17580
385
1689
10800
10596
3945
1701
5472
7792
9262
2901
17732
3641
2198
2940
14971
4139
11779
15455
12030
15921
6375
14212
10784
8323
8076
1773
493
10824
16672
11827
12985
12431
17212
3642
4817
1131
623
12867
748
5460
13471
14170
8742
11374
2243
11017
9930
8779
8494
6857
6298
13535
70
2845
12895
13926
14752
4462
17257
5798
6391
15285
14490
9699
8410
7433
6165
3287
13981
14537
16447
3731
16759
3420
3628
17303
13557
1030
339
6930
13010
13955
17443
6523
6682
15287
17277
361
2488
16752
3421
6540
13701
17474
555
14584
2584
11068
11895
6329
14740
989
12836
15254
10017
13348
658
14314
6021
14973
16182
17259
10792
9942
933
11365
7738
13027
7615
4463
8262
4795
16344
8529
551
13279
16327
6807
3107
16967
17624
8710
9996
9808
8505
10654
8014
7607
9135
13259
11639
16203
16066
15989
16384
14484
6582
15992
2353
14371
557
12804
13304
2968
342
11010
16983
3478
7759
4608
6630
1916
16683
4443
10971
6322
1379
9807
13353
14310
8481
4321
14931
16455
14493
10433
7123
12604
10800
1910
10418
11062
17150
17062
9520
16947
7944
11172
1644
9318
10221
5330
13372
11172
3827
14263
13417
2436
8413
11614
12244
7997
13832
16678
17000
8902
4134
15856
2308
7843
10654
1119
1611
7023
1962
2676
10004
575
9407
12110
885
11806
17289
17163
17521
997
9395
1546
7713
3583
366
1262
11055
8905
1622
9221
14673
5933
4820
12308
4307
4109
6891
6909
8739
794
2316
674
11924
17943
9838
2652
17851
15885
6635
16523
6843
9575
16664
12077
5827
7745
3190
9846
14016
11086
17354
4803
5008
16517
8052
11715
15162
8052
6414
3515
17320
3881
14199
16052
14559
11761
2627
15880
4715
1039
329
16756
4918
6240
17706
16090
17459
6299
